{
 "cells": [
  {
   "cell_type": "code",
   "execution_count": 1,
   "id": "ac3989b3",
   "metadata": {},
   "outputs": [],
   "source": [
    "# Import libraries\n",
    "# TODO: Clean this again, to only contain libraries for this part\n",
    "import pandas as pd\n",
    "import gc #gc.collect()\n",
    "import numpy as np\n",
    "import torch\n",
    "from torch.utils.data import DataLoader\n",
    "from torch import nn\n",
    "import torch.nn.functional as F\n",
    "from torchvision import transforms\n",
    "import torchaudio\n",
    "#from torchaudio import transforms\n",
    "import librosa\n",
    "import librosa.display\n",
    "from datasets import Dataset\n",
    "from collections import Counter\n",
    "from pathlib import Path\n",
    "import torchaudio\n",
    "import matplotlib.pyplot as plt\n",
    "import os\n",
    "from torch.utils.data import Dataset\n",
    "from itertools import chain\n",
    "from PIL import Image"
   ]
  },
  {
   "cell_type": "code",
   "execution_count": 97,
   "id": "71855e66",
   "metadata": {},
   "outputs": [],
   "source": [
    "# Modified version from HA1\n",
    "class InstrumentsData(Dataset):\n",
    "    def __init__(self, root, transform, guitar_label=0, piano_label=1, drum_label=2):\n",
    "        \"\"\"Constructor\n",
    "        \n",
    "        Args:\n",
    "            root (Path/str): Filepath to the data root, e.g. './small_train'\n",
    "            transform (Compose): A composition of image transforms, see below.\n",
    "        \"\"\"\n",
    "        \n",
    "        root = Path(root)\n",
    "        if not (root.exists() and root.is_dir()):\n",
    "            raise ValueError(f\"Data root '{root}' is invalid\")\n",
    "            \n",
    "        self.root = root\n",
    "        self.transform = transform\n",
    "        self._guitar_label = guitar_label\n",
    "        self._piano_label = piano_label\n",
    "        self._drum_label = drum_label\n",
    "        \n",
    "        # Collect samples, both cat and dog and store pairs of (filepath, label) in a simple list.\n",
    "        self._samples = self._collect_samples()\n",
    "        \n",
    "    def __len__(self):\n",
    "        return len(self._samples)\n",
    "        \n",
    "    def __getitem__(self, index):\n",
    "        \"\"\"Get sample by index\n",
    "        \n",
    "        Args:\n",
    "            index (int)\n",
    "        \n",
    "        Returns:\n",
    "             The index'th sample (Tensor, int)\n",
    "        \"\"\"\n",
    "        # Access the stored path and label for the correct index\n",
    "        path, label = self._samples[index]\n",
    "        # Load the image into memory\n",
    "        img = Image.open(path)\n",
    "        # Perform transforms, if any.\n",
    "        if self.transform is not None:\n",
    "            img = self.transform(img)\n",
    "        return img, label\n",
    "    \n",
    "        \n",
    "    def _collect_samples(self):\n",
    "        \"\"\"Collect all paths and labels\n",
    "        \n",
    "        Helper method for the constructor\n",
    "        \"\"\"\n",
    "        # Iterator over dog filpath\n",
    "        guitar_paths = self._collect_imgs_sub_dir(self.root / \"Mel_guitar\")\n",
    "        # Iterator of pairs (path, dog label)\n",
    "        # Again, we use the `map` function to create an iterator. It's use is not as common as the so called\n",
    "        # 'list comprehension' you've previously seen, but a good alternative to have seen.\n",
    "        guitar_paths_and_labels = map(lambda path: (path, self._guitar_label), guitar_paths)\n",
    "        # Same for cats\n",
    "        piano_paths = self._collect_imgs_sub_dir(self.root / \"Mel_piano\")\n",
    "        piano_paths_and_labels = map(lambda path: (path, self._piano_label), piano_paths)\n",
    "        \n",
    "        #drum_paths = self._collect_imgs_sub_dir(self.root / \"Mel_drum\")\n",
    "        #drum_paths_and_labels = map(lambda path: (path, self._drum_label), drum_paths)\n",
    "        # Sorting is not strictly necessary, but filesystem globbing (wildcard search) is not deterministic,\n",
    "        # and consistency is nice when debugging.\n",
    "        #return sorted(list(chain(guitar_paths_and_labels, piano_paths_and_labels, drum_paths_and_labels)), key=lambda x: x[0].stem)\n",
    "        return sorted(list(chain(guitar_paths_and_labels, piano_paths_and_labels)), key=lambda x: x[0].stem)\n",
    "        \n",
    "    @staticmethod\n",
    "    def _collect_imgs_sub_dir(sub_dir: Path):\n",
    "        \"\"\"Collect image paths in a directory\n",
    "        \n",
    "        Helper method for the constructor\n",
    "        \"\"\"\n",
    "        if not sub_dir.exists():\n",
    "            raise ValueError(f\"Data root '{self.root}' must contain sub dir '{sub_dir.name}'\")\n",
    "        return sub_dir.glob(\"*.jpg\")\n",
    "    \n",
    "    def get_sample_by_id(self, id_):\n",
    "        \"\"\"Get sample by image id\n",
    "        \n",
    "        Convenience method for exploration.\n",
    "        The indices does not correspond to the image id's in the filenames.\n",
    "        Here is a (rather inefficient) way of inspecting a specific image.\n",
    "        \n",
    "        Args:\n",
    "            id_ (str): Image id, e.g. `dog.321`\n",
    "        \"\"\"\n",
    "        id_index = [path.stem for (path, _) in self._samples].index(id_)\n",
    "        return self[id_index]"
   ]
  },
  {
   "cell_type": "code",
   "execution_count": 98,
   "id": "be80eb6c",
   "metadata": {},
   "outputs": [],
   "source": [
    "transform = transforms.Compose([transforms.Resize((32,32)), transforms.ToTensor()])"
   ]
  },
  {
   "cell_type": "code",
   "execution_count": 99,
   "id": "889067e8",
   "metadata": {},
   "outputs": [],
   "source": [
    "train_dataloader = DataLoader(InstrumentsData(\"train\", transform), batch_size = 32, shuffle=True)\n",
    "val_dataloader = DataLoader(InstrumentsData(\"val\", transform), batch_size = 32, shuffle=True)"
   ]
  },
  {
   "cell_type": "code",
   "execution_count": 100,
   "id": "eeee134a",
   "metadata": {},
   "outputs": [],
   "source": [
    "class FirstCnn(nn.Module):\n",
    "    def __init__(self, img_size):\n",
    "        super(FirstCnn, self).__init__()\n",
    "        self.first_conv_layer = nn.Conv2d(in_channels=3, kernel_size=3, stride=1, padding=0, out_channels=10)\n",
    "        self.second_conv_layer = nn.Conv2d(in_channels=10, kernel_size=3, stride=1, padding=0, out_channels=10)\n",
    "        self.fully_connected_layer = nn.Linear(\n",
    "            in_features=(img_size-4)*(img_size-4)*10,\n",
    "            out_features=3\n",
    "        )\n",
    "    \n",
    "    def forward(self, input_batch):\n",
    "        out = self.first_conv_layer(input_batch)\n",
    "        out = self.second_conv_layer(out)\n",
    "        np_flat = out.reshape(input_batch.size(0) ,(out.size(dim=1)*out.size(dim=2)*out.size(dim=3)))\n",
    "        z = self.fully_connected_layer(np_flat)\n",
    "        return torch.softmax(z, dim=1).squeeze()"
   ]
  },
  {
   "cell_type": "code",
   "execution_count": 101,
   "id": "aa7a70dd",
   "metadata": {},
   "outputs": [],
   "source": [
    "# Borrowed from HA1\n",
    "def training_loop(model, optimizer, loss_fn, train_loader, val_loader, num_epochs, print_every):\n",
    "    print(\"Starting training\")\n",
    "    device = torch.device(\"cuda\" if torch.cuda.is_available() \n",
    "                                  else \"cpu\")\n",
    "    \n",
    "    model.to(device)\n",
    "    train_losses, train_accs, val_losses, val_accs = [], [], [], []\n",
    "\n",
    "    for epoch in range(1, num_epochs+1):\n",
    "        model, train_loss, train_acc = train_epoch(model,\n",
    "                                                   optimizer,\n",
    "                                                   loss_fn,\n",
    "                                                   train_loader,\n",
    "                                                   val_loader,\n",
    "                                                   device,\n",
    "                                                   print_every)\n",
    "        val_loss, val_acc = validate(model, loss_fn, val_loader, device)\n",
    "        print(f\"Epoch {epoch}/{num_epochs}: \"\n",
    "              f\"Train loss: {sum(train_loss)/len(train_loss):.3f}, \"\n",
    "              f\"Train acc.: {sum(train_acc)/len(train_acc):.3f}, \"\n",
    "              f\"Val. loss: {val_loss:.3f}, \"\n",
    "              f\"Val. acc.: {val_acc:.3f}\")\n",
    "        train_losses.extend(train_loss)\n",
    "        train_accs.extend(train_acc)\n",
    "        val_losses.append(val_loss)\n",
    "        val_accs.append(val_acc)\n",
    "    return model, train_losses, train_accs, val_losses, val_accs\n",
    "\n",
    "def train_epoch(model, optimizer, loss_fn, train_loader, val_loader, device, print_every):\n",
    "    # Train:\n",
    "    model.train()\n",
    "    train_loss_batches, train_acc_batches = [], []\n",
    "    num_batches = len(train_loader)\n",
    "    for batch_index, (x, y) in enumerate(train_loader, 1):\n",
    "        inputs, labels = x.to(device), y.to(device)\n",
    "        optimizer.zero_grad()\n",
    "        z = model.forward(inputs)\n",
    "        #z = output_to_label(z)\n",
    "        print(f'z: {z}')\n",
    "        print(f' lab: {labels.long()}')\n",
    "        loss = loss_fn(z, labels.long())\n",
    "        loss.backward()\n",
    "        optimizer.step()\n",
    "        train_loss_batches.append(loss.item())\n",
    "\n",
    "        hard_preds = output_to_label(z)\n",
    "        acc_batch_avg = (hard_preds == labels).float().mean().item()\n",
    "        train_acc_batches.append(acc_batch_avg)\n",
    "\n",
    "        # If you want to print your progress more often than every epoch you can\n",
    "        # set `print_every` to the number of batches you want between every status update.\n",
    "        # Note that the print out will trigger a full validation on the full val. set => slows down training\n",
    "        if print_every is not None and batch_index % print_every == 0:\n",
    "            val_loss, val_acc = validate(model, loss_fn, val_loader, device)\n",
    "            model.train()\n",
    "            print(f\"\\tBatch {batch_index}/{num_batches}: \"\n",
    "                  f\"\\tTrain loss: {sum(train_loss_batches[-print_every:])/print_every:.3f}, \"\n",
    "                  f\"\\tTrain acc.: {sum(train_acc_batches[-print_every:])/print_every:.3f}, \"\n",
    "                  f\"\\tVal. loss: {val_loss:.3f}, \"\n",
    "                  f\"\\tVal. acc.: {val_acc:.3f}\")\n",
    "\n",
    "    return model, train_loss_batches, train_acc_batches\n",
    "\n",
    "def validate(model, loss_fn, val_loader, device):\n",
    "    val_loss_cum = 0\n",
    "    val_acc_cum = 0\n",
    "    model.eval()\n",
    "    with torch.no_grad():\n",
    "        for batch_index, (x, y) in enumerate(val_loader, 1):\n",
    "            inputs, labels = x.to(device), y.to(device)\n",
    "            z = model.forward(inputs)\n",
    "\n",
    "            batch_loss = loss_fn(z, labels.long())\n",
    "            val_loss_cum += batch_loss.item()\n",
    "            hard_preds = output_to_label(z)\n",
    "            acc_batch_avg = (hard_preds == labels).float().mean().item()\n",
    "            val_acc_cum += acc_batch_avg\n",
    "    return val_loss_cum/len(val_loader), val_acc_cum/len(val_loader)"
   ]
  },
  {
   "cell_type": "code",
   "execution_count": 102,
   "id": "c988e615",
   "metadata": {},
   "outputs": [],
   "source": [
    "def output_to_label(z):   \n",
    "    c = []\n",
    "    for preds in z:\n",
    "        pred = torch.argmax(preds)       \n",
    "        c.append(pred.float())\n",
    "    #device = \"cuda\"\n",
    "    return torch.tensor(c)#.to(device)"
   ]
  },
  {
   "cell_type": "code",
   "execution_count": 103,
   "id": "5181ecf9",
   "metadata": {},
   "outputs": [
    {
     "name": "stdout",
     "output_type": "stream",
     "text": [
      "Starting training\n",
      "z: tensor([[0.3072, 0.3699, 0.3230],\n",
      "        [0.3198, 0.3541, 0.3261],\n",
      "        [0.3243, 0.3564, 0.3194],\n",
      "        [0.3181, 0.3548, 0.3271],\n",
      "        [0.3060, 0.3743, 0.3197],\n",
      "        [0.3083, 0.3790, 0.3127],\n",
      "        [0.3046, 0.3699, 0.3254],\n",
      "        [0.3045, 0.3724, 0.3231],\n",
      "        [0.3060, 0.3687, 0.3252],\n",
      "        [0.3082, 0.3640, 0.3278],\n",
      "        [0.3198, 0.3597, 0.3205],\n",
      "        [0.3218, 0.3522, 0.3260],\n",
      "        [0.3065, 0.3694, 0.3240],\n",
      "        [0.3085, 0.3713, 0.3202],\n",
      "        [0.3131, 0.3701, 0.3168],\n",
      "        [0.3080, 0.3813, 0.3106],\n",
      "        [0.3114, 0.3686, 0.3199],\n",
      "        [0.3145, 0.3660, 0.3195],\n",
      "        [0.3100, 0.3625, 0.3275],\n",
      "        [0.3049, 0.3693, 0.3258],\n",
      "        [0.3122, 0.3671, 0.3208],\n",
      "        [0.3033, 0.3691, 0.3276],\n",
      "        [0.3120, 0.3650, 0.3230],\n",
      "        [0.3098, 0.3721, 0.3181],\n",
      "        [0.3000, 0.3813, 0.3187],\n",
      "        [0.3086, 0.3694, 0.3220],\n",
      "        [0.3013, 0.3838, 0.3149],\n",
      "        [0.3083, 0.3643, 0.3274],\n",
      "        [0.3072, 0.3796, 0.3133],\n",
      "        [0.3197, 0.3607, 0.3196],\n",
      "        [0.3164, 0.3614, 0.3222],\n",
      "        [0.3096, 0.3646, 0.3259]], grad_fn=<SqueezeBackward0>)\n",
      " lab: tensor([1, 0, 0, 0, 1, 0, 1, 1, 0, 1, 0, 0, 1, 1, 0, 0, 0, 0, 0, 0, 0, 0, 1, 0,\n",
      "        1, 0, 1, 0, 0, 0, 0, 1])\n",
      "z: tensor([[0.4801, 0.3513, 0.1686],\n",
      "        [0.4718, 0.3831, 0.1451],\n",
      "        [0.4657, 0.4033, 0.1310],\n",
      "        [0.4667, 0.3893, 0.1440],\n",
      "        [0.4664, 0.4222, 0.1114],\n",
      "        [0.4737, 0.3646, 0.1617],\n",
      "        [0.5080, 0.3897, 0.1023],\n",
      "        [0.4548, 0.3917, 0.1536],\n",
      "        [0.4611, 0.4232, 0.1157],\n",
      "        [0.4724, 0.3797, 0.1478],\n",
      "        [0.4488, 0.3907, 0.1605],\n",
      "        [0.4549, 0.4057, 0.1393],\n",
      "        [0.4581, 0.3974, 0.1445],\n",
      "        [0.4737, 0.4042, 0.1221],\n",
      "        [0.4717, 0.4128, 0.1154],\n",
      "        [0.4524, 0.4247, 0.1230],\n",
      "        [0.4902, 0.3635, 0.1463],\n",
      "        [0.4691, 0.3718, 0.1591],\n",
      "        [0.4480, 0.3828, 0.1692],\n",
      "        [0.4534, 0.3648, 0.1819],\n",
      "        [0.4694, 0.3579, 0.1727],\n",
      "        [0.4893, 0.3558, 0.1549],\n",
      "        [0.4679, 0.4063, 0.1258],\n",
      "        [0.4550, 0.3874, 0.1576],\n",
      "        [0.5032, 0.3857, 0.1110],\n",
      "        [0.4765, 0.4158, 0.1076],\n",
      "        [0.4855, 0.4006, 0.1140],\n",
      "        [0.4581, 0.3950, 0.1469],\n",
      "        [0.4973, 0.3768, 0.1259],\n",
      "        [0.4652, 0.4155, 0.1193],\n",
      "        [0.4628, 0.3718, 0.1654],\n",
      "        [0.4896, 0.3829, 0.1275]], grad_fn=<SqueezeBackward0>)\n",
      " lab: tensor([0, 0, 1, 0, 1, 0, 0, 1, 1, 0, 0, 1, 1, 1, 1, 1, 1, 0, 0, 0, 0, 0, 1, 0,\n",
      "        0, 1, 0, 1, 1, 1, 0, 0])\n",
      "z: tensor([[0.5088, 0.4623, 0.0289],\n",
      "        [0.5538, 0.4138, 0.0324],\n",
      "        [0.5396, 0.4132, 0.0471],\n",
      "        [0.5495, 0.3981, 0.0524],\n",
      "        [0.5810, 0.3760, 0.0430],\n",
      "        [0.5193, 0.4084, 0.0723],\n",
      "        [0.5187, 0.4299, 0.0514],\n",
      "        [0.5776, 0.3719, 0.0505],\n",
      "        [0.6089, 0.3743, 0.0168],\n",
      "        [0.5486, 0.4221, 0.0293],\n",
      "        [0.5171, 0.4336, 0.0493],\n",
      "        [0.5168, 0.4299, 0.0532],\n",
      "        [0.5176, 0.4161, 0.0663],\n",
      "        [0.5164, 0.4049, 0.0787],\n",
      "        [0.5542, 0.3968, 0.0489],\n",
      "        [0.5203, 0.4474, 0.0324],\n",
      "        [0.5128, 0.4248, 0.0624],\n",
      "        [0.5440, 0.3987, 0.0573],\n",
      "        [0.5491, 0.3953, 0.0556],\n",
      "        [0.5094, 0.4301, 0.0605],\n",
      "        [0.5617, 0.3836, 0.0548],\n",
      "        [0.6044, 0.3633, 0.0323],\n",
      "        [0.5425, 0.4048, 0.0526],\n",
      "        [0.5116, 0.4549, 0.0335],\n",
      "        [0.5892, 0.3822, 0.0286],\n",
      "        [0.5251, 0.4490, 0.0259],\n",
      "        [0.6070, 0.3618, 0.0312],\n",
      "        [0.5215, 0.4463, 0.0322],\n",
      "        [0.5178, 0.4435, 0.0388],\n",
      "        [0.5906, 0.3746, 0.0347],\n",
      "        [0.5132, 0.4336, 0.0532],\n",
      "        [0.5261, 0.4462, 0.0277]], grad_fn=<SqueezeBackward0>)\n",
      " lab: tensor([1, 0, 1, 0, 0, 0, 1, 0, 1, 1, 1, 1, 0, 0, 0, 1, 0, 0, 0, 0, 0, 0, 0, 1,\n",
      "        0, 1, 0, 1, 1, 0, 1, 1])\n",
      "z: tensor([[0.6663, 0.3239, 0.0097],\n",
      "        [0.6418, 0.3511, 0.0071],\n",
      "        [0.4832, 0.5111, 0.0058],\n",
      "        [0.6763, 0.3013, 0.0224],\n",
      "        [0.6137, 0.3733, 0.0130],\n",
      "        [0.6091, 0.3714, 0.0194],\n",
      "        [0.5661, 0.4280, 0.0059],\n",
      "        [0.6030, 0.3804, 0.0166],\n",
      "        [0.6164, 0.3639, 0.0197],\n",
      "        [0.6170, 0.3653, 0.0177],\n",
      "        [0.6188, 0.3520, 0.0292],\n",
      "        [0.5700, 0.4032, 0.0268],\n",
      "        [0.6821, 0.3104, 0.0075],\n",
      "        [0.5896, 0.3787, 0.0316],\n",
      "        [0.5353, 0.4482, 0.0165],\n",
      "        [0.5910, 0.3931, 0.0159],\n",
      "        [0.5443, 0.4448, 0.0108],\n",
      "        [0.6759, 0.3194, 0.0047],\n",
      "        [0.5657, 0.4253, 0.0090],\n",
      "        [0.6529, 0.3215, 0.0256],\n",
      "        [0.6482, 0.3332, 0.0187],\n",
      "        [0.5433, 0.4430, 0.0136],\n",
      "        [0.5998, 0.3727, 0.0275],\n",
      "        [0.6034, 0.3762, 0.0204],\n",
      "        [0.6174, 0.3507, 0.0319],\n",
      "        [0.5590, 0.4347, 0.0063],\n",
      "        [0.5033, 0.4890, 0.0077],\n",
      "        [0.5159, 0.4750, 0.0092],\n",
      "        [0.5133, 0.4819, 0.0048],\n",
      "        [0.6239, 0.3514, 0.0247],\n",
      "        [0.6313, 0.3606, 0.0080],\n",
      "        [0.5347, 0.4521, 0.0132]], grad_fn=<SqueezeBackward0>)\n",
      " lab: tensor([0, 0, 1, 0, 0, 0, 1, 0, 0, 1, 0, 0, 0, 0, 0, 0, 1, 0, 1, 0, 0, 1, 0, 0,\n",
      "        0, 1, 1, 1, 1, 0, 0, 1])\n",
      "z: tensor([[6.5268e-01, 3.4579e-01, 1.5258e-03],\n",
      "        [6.2546e-01, 3.7186e-01, 2.6798e-03],\n",
      "        [7.0540e-01, 2.9255e-01, 2.0454e-03],\n",
      "        [7.5765e-01, 2.3992e-01, 2.4372e-03],\n",
      "        [7.1102e-01, 2.8075e-01, 8.2319e-03],\n",
      "        [7.8370e-01, 2.1246e-01, 3.8433e-03],\n",
      "        [6.2952e-01, 3.6576e-01, 4.7170e-03],\n",
      "        [6.0204e-01, 3.9698e-01, 9.8277e-04],\n",
      "        [6.1874e-01, 3.7839e-01, 2.8603e-03],\n",
      "        [7.7984e-01, 2.1555e-01, 4.6081e-03],\n",
      "        [6.2092e-01, 3.7465e-01, 4.4299e-03],\n",
      "        [6.1577e-01, 3.8048e-01, 3.7520e-03],\n",
      "        [6.2652e-01, 3.6809e-01, 5.3871e-03],\n",
      "        [8.1922e-01, 1.8008e-01, 7.0150e-04],\n",
      "        [6.7150e-01, 3.2112e-01, 7.3759e-03],\n",
      "        [6.9191e-01, 3.0010e-01, 7.9842e-03],\n",
      "        [6.3798e-01, 3.6038e-01, 1.6470e-03],\n",
      "        [7.6866e-01, 2.2218e-01, 9.1592e-03],\n",
      "        [6.2349e-01, 3.7544e-01, 1.0760e-03],\n",
      "        [6.5808e-01, 3.3038e-01, 1.1534e-02],\n",
      "        [6.5379e-01, 3.4504e-01, 1.1665e-03],\n",
      "        [7.2076e-01, 2.6796e-01, 1.1277e-02],\n",
      "        [5.9804e-01, 4.0050e-01, 1.4600e-03],\n",
      "        [7.5652e-01, 2.3248e-01, 1.0996e-02],\n",
      "        [6.6932e-01, 3.2192e-01, 8.7560e-03],\n",
      "        [6.4928e-01, 3.4487e-01, 5.8503e-03],\n",
      "        [6.7375e-01, 3.2313e-01, 3.1288e-03],\n",
      "        [7.3742e-01, 2.5075e-01, 1.1832e-02],\n",
      "        [7.2410e-01, 2.7014e-01, 5.7559e-03],\n",
      "        [7.3718e-01, 2.6084e-01, 1.9871e-03],\n",
      "        [6.2924e-01, 3.6881e-01, 1.9441e-03],\n",
      "        [7.8817e-01, 2.1152e-01, 3.1866e-04]], grad_fn=<SqueezeBackward0>)\n",
      " lab: tensor([1, 1, 0, 0, 0, 0, 1, 1, 1, 0, 1, 1, 1, 1, 0, 0, 1, 0, 1, 1, 1, 0, 1, 0,\n",
      "        0, 1, 1, 0, 0, 0, 1, 1])\n",
      "z: tensor([[6.9328e-01, 3.0209e-01, 4.6260e-03],\n",
      "        [6.6418e-01, 3.3029e-01, 5.5274e-03],\n",
      "        [4.7996e-01, 5.1917e-01, 8.7447e-04],\n",
      "        [5.1548e-01, 4.8406e-01, 4.6304e-04],\n",
      "        [6.5967e-01, 3.4010e-01, 2.2966e-04],\n",
      "        [4.4930e-01, 5.5017e-01, 5.2780e-04],\n",
      "        [6.6541e-01, 3.3309e-01, 1.5010e-03],\n",
      "        [7.4094e-01, 2.5636e-01, 2.7062e-03],\n",
      "        [4.8877e-01, 5.1070e-01, 5.2226e-04],\n",
      "        [6.6443e-01, 3.3469e-01, 8.7706e-04],\n",
      "        [5.8286e-01, 4.1417e-01, 2.9776e-03],\n",
      "        [6.5782e-01, 3.4036e-01, 1.8224e-03],\n",
      "        [4.6819e-01, 5.3106e-01, 7.5892e-04],\n",
      "        [5.7239e-01, 4.2664e-01, 9.7431e-04],\n",
      "        [7.0002e-01, 2.9856e-01, 1.4180e-03],\n",
      "        [4.4593e-01, 5.5374e-01, 3.2899e-04],\n",
      "        [6.9214e-01, 3.0053e-01, 7.3247e-03],\n",
      "        [7.4720e-01, 2.5233e-01, 4.7729e-04],\n",
      "        [4.7862e-01, 5.2051e-01, 8.7117e-04],\n",
      "        [4.4668e-01, 5.5265e-01, 6.6506e-04],\n",
      "        [6.3408e-01, 3.6576e-01, 1.6581e-04],\n",
      "        [6.8426e-01, 3.1209e-01, 3.6535e-03],\n",
      "        [6.5171e-01, 3.4113e-01, 7.1608e-03],\n",
      "        [7.5278e-01, 2.4419e-01, 3.0292e-03],\n",
      "        [6.4385e-01, 3.5332e-01, 2.8305e-03],\n",
      "        [6.3116e-01, 3.6782e-01, 1.0128e-03],\n",
      "        [8.1357e-01, 1.8637e-01, 5.2595e-05],\n",
      "        [6.7631e-01, 3.1781e-01, 5.8811e-03],\n",
      "        [4.8185e-01, 5.1717e-01, 9.8294e-04],\n",
      "        [6.9550e-01, 3.0359e-01, 9.1099e-04],\n",
      "        [5.1976e-01, 4.7797e-01, 2.2758e-03],\n",
      "        [6.4088e-01, 3.5828e-01, 8.3882e-04]], grad_fn=<SqueezeBackward0>)\n",
      " lab: tensor([0, 0, 1, 1, 0, 1, 0, 0, 1, 0, 0, 0, 1, 1, 0, 1, 0, 0, 1, 1, 1, 0, 0, 0,\n",
      "        0, 0, 1, 0, 1, 0, 1, 0])\n",
      "z: tensor([[6.4127e-01, 3.5779e-01, 9.4085e-04],\n",
      "        [3.7307e-01, 6.2620e-01, 7.2533e-04],\n",
      "        [3.6019e-01, 6.3924e-01, 5.6702e-04],\n",
      "        [2.9494e-01, 7.0469e-01, 3.7018e-04],\n",
      "        [5.3395e-01, 4.6368e-01, 2.3671e-03],\n",
      "        [6.4664e-01, 3.5097e-01, 2.3910e-03],\n",
      "        [5.3333e-01, 4.6426e-01, 2.4112e-03],\n",
      "        [2.8680e-01, 7.1304e-01, 1.5322e-04],\n",
      "        [2.8683e-01, 7.1309e-01, 7.9749e-05],\n",
      "        [3.3612e-01, 6.6379e-01, 8.9625e-05],\n",
      "        [6.0860e-01, 3.8791e-01, 3.4914e-03],\n",
      "        [3.3121e-01, 6.6871e-01, 8.9354e-05],\n",
      "        [5.8651e-01, 4.1347e-01, 2.0013e-05],\n",
      "        [4.6757e-01, 5.3203e-01, 4.0144e-04],\n",
      "        [5.3665e-01, 4.6320e-01, 1.5124e-04],\n",
      "        [4.1695e-01, 5.8245e-01, 5.9637e-04],\n",
      "        [3.4351e-01, 6.5597e-01, 5.2021e-04],\n",
      "        [6.0495e-01, 3.9342e-01, 1.6324e-03],\n",
      "        [3.9944e-01, 5.9976e-01, 8.0653e-04],\n",
      "        [6.4487e-01, 3.5480e-01, 3.2902e-04],\n",
      "        [7.5628e-01, 2.4232e-01, 1.3927e-03],\n",
      "        [3.0214e-01, 6.9758e-01, 2.8565e-04],\n",
      "        [3.9712e-01, 6.0211e-01, 7.6795e-04],\n",
      "        [3.3767e-01, 6.6184e-01, 4.9499e-04],\n",
      "        [6.3272e-01, 3.6454e-01, 2.7350e-03],\n",
      "        [5.0671e-01, 4.9258e-01, 7.0865e-04],\n",
      "        [5.4835e-01, 4.5058e-01, 1.0718e-03],\n",
      "        [6.3587e-01, 3.6338e-01, 7.4853e-04],\n",
      "        [4.3601e-01, 5.6299e-01, 1.0011e-03],\n",
      "        [2.9889e-01, 7.0092e-01, 1.8776e-04],\n",
      "        [5.5760e-01, 4.3946e-01, 2.9400e-03],\n",
      "        [2.4245e-01, 7.5744e-01, 1.0445e-04]], grad_fn=<SqueezeBackward0>)\n",
      " lab: tensor([0, 0, 1, 1, 0, 0, 0, 1, 1, 1, 0, 1, 1, 0, 0, 1, 1, 0, 0, 0, 0, 1, 1, 1,\n",
      "        1, 0, 0, 0, 0, 1, 0, 1])\n"
     ]
    },
    {
     "name": "stdout",
     "output_type": "stream",
     "text": [
      "z: tensor([[1.5692e-01, 8.4300e-01, 7.4973e-05],\n",
      "        [1.6187e-01, 8.3806e-01, 7.0231e-05],\n",
      "        [7.4838e-01, 2.5060e-01, 1.0203e-03],\n",
      "        [1.2523e-01, 8.7474e-01, 3.1947e-05],\n",
      "        [6.5706e-01, 3.3994e-01, 2.9967e-03],\n",
      "        [6.5504e-01, 3.4442e-01, 5.3175e-04],\n",
      "        [1.8807e-01, 8.1185e-01, 8.6020e-05],\n",
      "        [4.8271e-01, 5.1568e-01, 1.6103e-03],\n",
      "        [5.0523e-01, 4.9437e-01, 4.0048e-04],\n",
      "        [4.9536e-01, 5.0301e-01, 1.6347e-03],\n",
      "        [1.5417e-01, 8.4582e-01, 6.4501e-06],\n",
      "        [5.4654e-01, 4.5308e-01, 3.8292e-04],\n",
      "        [4.8639e-01, 5.1353e-01, 7.6204e-05],\n",
      "        [2.6604e-01, 7.3380e-01, 1.6238e-04],\n",
      "        [5.8087e-01, 4.1781e-01, 1.3145e-03],\n",
      "        [5.6726e-01, 4.3203e-01, 7.1554e-04],\n",
      "        [6.4548e-01, 3.5401e-01, 5.0475e-04],\n",
      "        [2.5726e-01, 7.4268e-01, 5.9299e-05],\n",
      "        [3.3170e-01, 6.6787e-01, 4.3036e-04],\n",
      "        [6.7069e-01, 3.2911e-01, 2.0465e-04],\n",
      "        [3.4917e-01, 6.5082e-01, 3.5132e-06],\n",
      "        [1.7184e-01, 8.2810e-01, 5.5737e-05],\n",
      "        [3.4847e-01, 6.5149e-01, 4.2745e-05],\n",
      "        [1.3497e-01, 8.6499e-01, 4.5926e-05],\n",
      "        [1.7661e-01, 8.2336e-01, 3.7092e-05],\n",
      "        [3.9379e-01, 6.0618e-01, 2.3503e-05],\n",
      "        [2.5841e-01, 7.4149e-01, 9.6503e-05],\n",
      "        [3.4564e-01, 6.5382e-01, 5.4365e-04],\n",
      "        [3.0986e-01, 6.9010e-01, 4.7251e-05],\n",
      "        [3.4363e-01, 6.5599e-01, 3.8678e-04],\n",
      "        [3.7671e-01, 6.2280e-01, 4.9440e-04],\n",
      "        [5.1880e-01, 4.8062e-01, 5.8027e-04]], grad_fn=<SqueezeBackward0>)\n",
      " lab: tensor([1, 1, 0, 1, 0, 0, 1, 0, 0, 0, 1, 0, 1, 1, 0, 0, 0, 1, 1, 1, 1, 1, 0, 1,\n",
      "        1, 0, 1, 0, 0, 0, 0, 0])\n",
      "z: tensor([[7.1146e-01, 2.8808e-01, 4.5889e-04],\n",
      "        [2.0053e-01, 7.9943e-01, 4.4002e-05],\n",
      "        [5.8764e-01, 4.1178e-01, 5.8474e-04],\n",
      "        [1.6774e-01, 8.3226e-01, 6.1764e-06],\n",
      "        [1.2681e-01, 8.7318e-01, 6.5251e-06],\n",
      "        [5.8077e-01, 4.1883e-01, 4.0054e-04],\n",
      "        [4.9795e-01, 5.0192e-01, 1.2526e-04],\n",
      "        [1.4073e-01, 8.5926e-01, 1.3244e-05],\n",
      "        [1.4898e-01, 8.5100e-01, 1.8260e-05],\n",
      "        [5.5217e-01, 4.4718e-01, 6.5347e-04],\n",
      "        [5.9985e-01, 3.9912e-01, 1.0327e-03],\n",
      "        [5.5448e-01, 4.4541e-01, 1.1247e-04],\n",
      "        [4.4089e-01, 5.5855e-01, 5.6272e-04],\n",
      "        [5.5792e-01, 4.4136e-01, 7.1888e-04],\n",
      "        [4.9024e-01, 5.0970e-01, 5.8462e-05],\n",
      "        [5.8424e-01, 4.1493e-01, 8.3648e-04],\n",
      "        [1.9788e-01, 8.0209e-01, 2.9457e-05],\n",
      "        [9.1016e-02, 9.0897e-01, 1.0109e-05],\n",
      "        [6.4563e-01, 3.5396e-01, 4.0097e-04],\n",
      "        [5.7764e-01, 4.2235e-01, 1.7109e-05],\n",
      "        [5.2946e-01, 4.7021e-01, 3.2716e-04],\n",
      "        [2.3085e-01, 7.6909e-01, 6.5427e-05],\n",
      "        [5.4451e-01, 4.5536e-01, 1.2412e-04],\n",
      "        [5.2761e-01, 4.7141e-01, 9.8468e-04],\n",
      "        [2.4366e-01, 7.5628e-01, 5.9305e-05],\n",
      "        [7.4232e-01, 2.5692e-01, 7.6077e-04],\n",
      "        [4.9430e-01, 5.0570e-01, 1.2343e-06],\n",
      "        [2.7860e-01, 7.2129e-01, 1.0659e-04],\n",
      "        [5.7999e-01, 4.1977e-01, 2.4405e-04],\n",
      "        [1.2572e-01, 8.7427e-01, 1.1864e-05],\n",
      "        [3.8518e-01, 6.1476e-01, 6.0147e-05],\n",
      "        [4.2736e-01, 5.7219e-01, 4.4818e-04]], grad_fn=<SqueezeBackward0>)\n",
      " lab: tensor([0, 1, 0, 1, 1, 0, 0, 1, 1, 0, 0, 0, 1, 0, 0, 0, 1, 1, 0, 0, 0, 1, 0, 0,\n",
      "        1, 0, 1, 1, 0, 1, 0, 0])\n",
      "z: tensor([[6.6230e-01, 3.3758e-01, 1.1844e-04],\n",
      "        [5.8757e-01, 4.1231e-01, 1.2011e-04],\n",
      "        [8.0257e-01, 1.9739e-01, 4.0916e-05],\n",
      "        [6.7421e-01, 3.2576e-01, 3.0908e-05],\n",
      "        [3.1881e-01, 6.8117e-01, 1.8815e-05],\n",
      "        [4.7561e-01, 5.2424e-01, 1.5013e-04],\n",
      "        [1.1327e-01, 8.8673e-01, 1.6441e-06],\n",
      "        [5.4777e-01, 4.5220e-01, 3.1435e-05],\n",
      "        [4.4677e-01, 5.5310e-01, 1.3098e-04],\n",
      "        [7.6395e-01, 2.3605e-01, 2.5174e-06],\n",
      "        [6.1499e-01, 3.8499e-01, 2.1119e-05],\n",
      "        [7.2800e-01, 2.7195e-01, 5.0246e-05],\n",
      "        [4.2566e-01, 5.7429e-01, 5.4132e-05],\n",
      "        [2.8377e-01, 7.1622e-01, 4.1095e-06],\n",
      "        [6.4871e-01, 3.5083e-01, 4.6077e-04],\n",
      "        [3.2408e-01, 6.7590e-01, 2.0675e-05],\n",
      "        [4.4738e-01, 5.5253e-01, 9.6390e-05],\n",
      "        [5.2910e-01, 4.7090e-01, 9.5052e-07],\n",
      "        [5.4057e-01, 4.5941e-01, 1.8233e-05],\n",
      "        [4.2848e-01, 5.7142e-01, 1.0181e-04],\n",
      "        [1.8663e-01, 8.1336e-01, 4.3411e-06],\n",
      "        [7.3981e-01, 2.6019e-01, 8.3491e-07],\n",
      "        [1.4722e-01, 8.5277e-01, 2.8124e-06],\n",
      "        [4.7948e-01, 5.2050e-01, 1.9353e-05],\n",
      "        [7.9747e-01, 2.0235e-01, 1.8752e-04],\n",
      "        [6.8134e-01, 3.1862e-01, 4.8937e-05],\n",
      "        [5.4405e-01, 4.5594e-01, 6.2027e-06],\n",
      "        [4.9053e-01, 5.0931e-01, 1.5477e-04],\n",
      "        [4.9303e-01, 5.0679e-01, 1.7975e-04],\n",
      "        [5.9355e-01, 4.0645e-01, 1.3200e-06],\n",
      "        [6.0653e-01, 3.9341e-01, 5.6583e-05],\n",
      "        [2.1442e-01, 7.8556e-01, 1.4953e-05]], grad_fn=<SqueezeBackward0>)\n",
      " lab: tensor([0, 1, 0, 0, 1, 0, 1, 0, 1, 0, 0, 1, 1, 1, 0, 1, 0, 1, 0, 1, 1, 1, 1, 0,\n",
      "        0, 0, 0, 0, 1, 0, 0, 1])\n",
      "\tBatch 10/35: \tTrain loss: 0.920, \tTrain acc.: 0.656, \tVal. loss: 0.754, \tVal. acc.: 0.919\n",
      "z: tensor([[7.0606e-01, 2.9391e-01, 2.9885e-05],\n",
      "        [8.4044e-01, 1.5946e-01, 9.0923e-05],\n",
      "        [2.2149e-01, 7.7851e-01, 1.8449e-06],\n",
      "        [2.7956e-01, 7.2043e-01, 4.6131e-06],\n",
      "        [6.1603e-01, 3.8392e-01, 4.3956e-05],\n",
      "        [7.2321e-01, 2.7679e-01, 9.9886e-07],\n",
      "        [8.8036e-01, 1.1962e-01, 2.8928e-05],\n",
      "        [9.1709e-01, 8.2870e-02, 3.6910e-05],\n",
      "        [7.7258e-01, 2.2740e-01, 2.2340e-05],\n",
      "        [2.2236e-01, 7.7764e-01, 7.1211e-07],\n",
      "        [2.0205e-01, 7.9795e-01, 2.2027e-07],\n",
      "        [3.3053e-01, 6.6947e-01, 2.1412e-06],\n",
      "        [8.4183e-01, 1.5798e-01, 1.9065e-04],\n",
      "        [3.2953e-01, 6.7046e-01, 1.0046e-05],\n",
      "        [8.5863e-01, 1.4137e-01, 2.5336e-06],\n",
      "        [9.0079e-01, 9.9110e-02, 1.0347e-04],\n",
      "        [7.4762e-01, 2.5236e-01, 2.4660e-05],\n",
      "        [7.5782e-01, 2.4214e-01, 4.2366e-05],\n",
      "        [8.0294e-01, 1.9706e-01, 6.5830e-07],\n",
      "        [3.8334e-01, 6.1665e-01, 5.2953e-06],\n",
      "        [3.0082e-01, 6.9918e-01, 3.8528e-06],\n",
      "        [8.6022e-01, 1.3968e-01, 9.6014e-05],\n",
      "        [6.8796e-01, 3.1203e-01, 6.0525e-06],\n",
      "        [8.9928e-01, 1.0067e-01, 5.0308e-05],\n",
      "        [6.3979e-01, 3.6011e-01, 9.6736e-05],\n",
      "        [8.8663e-01, 1.1331e-01, 5.2625e-05],\n",
      "        [3.3810e-01, 6.6190e-01, 4.0278e-06],\n",
      "        [8.0248e-01, 1.9750e-01, 1.9567e-05],\n",
      "        [7.6779e-01, 2.3202e-01, 1.9609e-04],\n",
      "        [6.4230e-01, 3.5770e-01, 3.2603e-06],\n",
      "        [8.9177e-01, 1.0821e-01, 2.3551e-05],\n",
      "        [3.0040e-01, 6.9959e-01, 5.2801e-06]], grad_fn=<SqueezeBackward0>)\n",
      " lab: tensor([0, 0, 1, 1, 1, 0, 0, 0, 0, 1, 1, 1, 0, 1, 0, 0, 0, 0, 0, 1, 1, 0, 0, 0,\n",
      "        0, 0, 1, 0, 0, 0, 0, 1])\n",
      "z: tensor([[9.0519e-01, 9.4810e-02, 2.3647e-07],\n",
      "        [8.6856e-01, 1.3134e-01, 9.7215e-05],\n",
      "        [5.8618e-01, 4.1381e-01, 5.0656e-06],\n",
      "        [8.5996e-01, 1.4004e-01, 4.3596e-07],\n",
      "        [7.5097e-01, 2.4900e-01, 3.4248e-05],\n",
      "        [3.5601e-01, 6.4399e-01, 1.7663e-07],\n",
      "        [6.7487e-01, 3.2513e-01, 9.2226e-07],\n",
      "        [9.0875e-01, 9.1180e-02, 6.6984e-05],\n",
      "        [4.5071e-01, 5.4929e-01, 1.7416e-06],\n",
      "        [7.6337e-01, 2.3663e-01, 1.0517e-08],\n",
      "        [8.4490e-01, 1.5510e-01, 2.5696e-06],\n",
      "        [8.5502e-01, 1.4487e-01, 1.0883e-04],\n",
      "        [4.9148e-01, 5.0852e-01, 9.8557e-07],\n",
      "        [3.2988e-01, 6.7012e-01, 3.1026e-07],\n",
      "        [9.4461e-01, 5.5381e-02, 8.2958e-06],\n",
      "        [9.0018e-01, 9.9729e-02, 8.8403e-05],\n",
      "        [9.2090e-01, 7.9095e-02, 7.1411e-06],\n",
      "        [3.1631e-01, 6.8369e-01, 3.5375e-07],\n",
      "        [5.5200e-01, 4.4800e-01, 4.9806e-06],\n",
      "        [9.6433e-01, 3.5655e-02, 1.5955e-05],\n",
      "        [8.9648e-01, 1.0352e-01, 2.1294e-06],\n",
      "        [8.1494e-01, 1.8505e-01, 7.9250e-06],\n",
      "        [8.4764e-01, 1.5236e-01, 1.3758e-07],\n",
      "        [4.6720e-01, 5.3280e-01, 4.1927e-07],\n",
      "        [4.2114e-01, 5.7886e-01, 2.2404e-07],\n",
      "        [6.0568e-01, 3.9431e-01, 6.4177e-06],\n",
      "        [9.7795e-01, 2.2042e-02, 1.3122e-05],\n",
      "        [5.1564e-01, 4.8436e-01, 5.1498e-08],\n",
      "        [5.7611e-01, 4.2389e-01, 1.0743e-06],\n",
      "        [9.5952e-01, 4.0404e-02, 7.5259e-05],\n",
      "        [4.0671e-01, 5.9329e-01, 1.8328e-06],\n",
      "        [9.0625e-01, 9.3630e-02, 1.2055e-04]], grad_fn=<SqueezeBackward0>)\n",
      " lab: tensor([1, 0, 1, 0, 0, 1, 1, 0, 1, 1, 0, 0, 1, 1, 0, 0, 0, 1, 1, 0, 0, 0, 1, 1,\n",
      "        1, 0, 0, 1, 1, 0, 1, 0])\n",
      "z: tensor([[7.6965e-01, 2.3033e-01, 1.9196e-05],\n",
      "        [7.7850e-01, 2.2150e-01, 2.7257e-08],\n",
      "        [8.5668e-01, 1.4332e-01, 1.8715e-06],\n",
      "        [9.2007e-01, 7.9924e-02, 5.2442e-06],\n",
      "        [7.2226e-01, 2.7772e-01, 1.8343e-05],\n",
      "        [7.9897e-01, 2.0103e-01, 2.1913e-07],\n",
      "        [7.4511e-01, 2.5489e-01, 1.7052e-08],\n",
      "        [8.9829e-01, 1.0169e-01, 2.0385e-05],\n",
      "        [9.6925e-01, 3.0735e-02, 1.6445e-05],\n",
      "        [9.1968e-01, 8.0272e-02, 5.2138e-05],\n",
      "        [8.4101e-01, 1.5899e-01, 1.3570e-06],\n",
      "        [5.8876e-01, 4.1124e-01, 3.6650e-07],\n",
      "        [1.8695e-01, 8.1305e-01, 4.7738e-07],\n",
      "        [3.4092e-01, 6.5907e-01, 2.7274e-06],\n",
      "        [8.8077e-01, 1.1920e-01, 2.1051e-05],\n",
      "        [8.2191e-01, 1.7804e-01, 5.7403e-05],\n",
      "        [3.8800e-01, 6.1200e-01, 1.5428e-06],\n",
      "        [8.7869e-01, 1.2127e-01, 4.5428e-05],\n",
      "        [6.0462e-01, 3.9537e-01, 9.5795e-06],\n",
      "        [3.3665e-01, 6.6335e-01, 1.3824e-06],\n",
      "        [4.3091e-01, 5.6909e-01, 1.1397e-07],\n",
      "        [2.5521e-01, 7.4479e-01, 4.0327e-08],\n",
      "        [2.6562e-01, 7.3438e-01, 1.8850e-07],\n",
      "        [3.6208e-01, 6.3792e-01, 6.3633e-07],\n",
      "        [2.0491e-01, 7.9509e-01, 3.3477e-08],\n",
      "        [9.2545e-01, 7.4491e-02, 6.2532e-05],\n",
      "        [3.3683e-01, 6.6317e-01, 1.5003e-07],\n",
      "        [9.0601e-01, 9.3953e-02, 4.0571e-05],\n",
      "        [4.1460e-01, 5.8540e-01, 2.4882e-06],\n",
      "        [8.9940e-01, 1.0058e-01, 1.8282e-05],\n",
      "        [2.3518e-01, 7.6482e-01, 1.8161e-07],\n",
      "        [2.5851e-01, 7.4149e-01, 4.5519e-07]], grad_fn=<SqueezeBackward0>)\n",
      " lab: tensor([1, 1, 0, 0, 0, 0, 0, 0, 0, 0, 0, 0, 1, 1, 0, 0, 1, 0, 1, 1, 0, 1, 1, 1,\n",
      "        1, 0, 1, 0, 1, 0, 1, 1])\n"
     ]
    },
    {
     "name": "stdout",
     "output_type": "stream",
     "text": [
      "z: tensor([[9.1615e-01, 8.3838e-02, 9.7884e-06],\n",
      "        [3.3075e-01, 6.6925e-01, 1.7826e-06],\n",
      "        [7.9357e-01, 2.0639e-01, 4.1625e-05],\n",
      "        [8.7139e-01, 1.2860e-01, 1.2468e-05],\n",
      "        [1.0823e-01, 8.9177e-01, 1.5387e-07],\n",
      "        [8.2332e-01, 1.7668e-01, 5.2845e-06],\n",
      "        [7.9164e-02, 9.2084e-01, 5.1654e-08],\n",
      "        [8.6946e-01, 1.3054e-01, 8.1399e-08],\n",
      "        [9.1427e-01, 8.5733e-02, 1.1920e-06],\n",
      "        [6.6527e-01, 3.3473e-01, 2.0327e-06],\n",
      "        [1.1813e-01, 8.8187e-01, 2.7904e-08],\n",
      "        [8.6518e-01, 1.3477e-01, 5.4520e-05],\n",
      "        [2.7593e-01, 7.2407e-01, 1.8122e-08],\n",
      "        [6.0696e-01, 3.9304e-01, 1.9271e-06],\n",
      "        [5.3087e-01, 4.6913e-01, 8.1306e-07],\n",
      "        [3.3263e-02, 9.6674e-01, 1.9980e-08],\n",
      "        [9.0071e-01, 9.9287e-02, 3.2433e-06],\n",
      "        [5.8912e-01, 4.1088e-01, 7.1461e-07],\n",
      "        [1.7151e-01, 8.2849e-01, 1.6644e-08],\n",
      "        [1.3069e-01, 8.6931e-01, 6.3666e-08],\n",
      "        [1.5925e-01, 8.4075e-01, 2.6368e-07],\n",
      "        [8.5650e-01, 1.4350e-01, 9.3086e-08],\n",
      "        [9.0156e-02, 9.0984e-01, 1.5823e-07],\n",
      "        [7.8104e-01, 2.1896e-01, 2.5223e-06],\n",
      "        [4.0560e-01, 5.9440e-01, 4.7210e-06],\n",
      "        [1.7271e-01, 8.2729e-01, 3.8269e-07],\n",
      "        [7.8776e-01, 2.1224e-01, 6.5689e-06],\n",
      "        [1.5659e-01, 8.4341e-01, 1.8086e-08],\n",
      "        [9.1480e-01, 8.5190e-02, 8.8527e-06],\n",
      "        [6.3595e-01, 3.6403e-01, 1.4581e-05],\n",
      "        [3.9165e-01, 6.0834e-01, 4.3197e-06],\n",
      "        [7.4668e-01, 2.5332e-01, 2.0212e-06]], grad_fn=<SqueezeBackward0>)\n",
      " lab: tensor([0, 1, 0, 0, 1, 0, 1, 1, 0, 0, 1, 0, 1, 0, 0, 1, 0, 0, 1, 1, 1, 0, 1, 0,\n",
      "        1, 1, 0, 1, 0, 0, 1, 0])\n",
      "z: tensor([[7.9421e-01, 2.0577e-01, 2.2680e-05],\n",
      "        [7.5631e-02, 9.2437e-01, 3.6414e-07],\n",
      "        [7.7097e-01, 2.2901e-01, 1.8865e-05],\n",
      "        [6.0955e-02, 9.3904e-01, 8.3005e-08],\n",
      "        [6.2472e-01, 3.7528e-01, 4.0788e-07],\n",
      "        [2.6773e-02, 9.7323e-01, 6.9563e-09],\n",
      "        [1.8153e-01, 8.1847e-01, 2.8302e-07],\n",
      "        [7.3394e-02, 9.2661e-01, 8.3270e-08],\n",
      "        [9.0648e-01, 9.3410e-02, 1.0712e-04],\n",
      "        [8.7281e-01, 1.2717e-01, 1.2780e-05],\n",
      "        [9.2183e-01, 7.8152e-02, 1.4804e-05],\n",
      "        [6.0084e-01, 3.9916e-01, 1.1527e-06],\n",
      "        [7.8772e-01, 2.1226e-01, 2.5905e-05],\n",
      "        [5.8738e-01, 4.1260e-01, 1.8905e-05],\n",
      "        [2.0647e-01, 7.9353e-01, 7.2948e-08],\n",
      "        [5.5582e-01, 4.4417e-01, 4.6872e-07],\n",
      "        [7.1945e-01, 2.8055e-01, 1.1052e-08],\n",
